1
1
2
4
5
10
11
23
25
26
54
57
59
122
133
142
147
304
330
351
362
747
806
880
931
957
1968
2105
2275
2391
2450
5022
5336
5733
6155
6444
6591
13486
14267
15252
16295
17008
17370
35487
37402
39835
42452
45220
47108
48065
98098
103128
109476
116247
123363
128204
130654
266330
279138
295229
312453
330785
349975
363010
369601
752688
787032
830037
875851
924406
975079
1009457
1026827
2089141
2179400
2292124
2411813
2539320
2674100
2814493
2909666
2957731
6013560
6262851
6573553
6902404
7251490
7619304
8001525
8260383
8391037
17048404
17724526
18565223
19452043
20390510
21383723
22427493
23510079
24242690
24612291
49977270
51886591
54256348
56749268
59379562
62154898
65063840
68075203
70111487
71138314

149661137
156221802
163105139
170348396
177973629
186001542
194399801
203081691
208949088
211906819
429827198
445061340
463911304
483650112
504377559
526150757
549023076
572904288
597557233
614208653
622599690
1262247784
1305411751
1358749904
1414491696
1472899472
1534125748
1598327474
1665648769
1735829031
1808194091
1857049072
1881661363
3813299996
3939776148
4095896357
4258788564
4429173742
4607457470
4794055770
4989349711
5192600241
5401925245
5543175046
5614313360
11372992489
11738157709
12188406417
12657394495
13147069832
13658496996
14192820563
14751195535
15334678569
15941109149
16565046747
16985902654
17197809473
34825446144
35912241501
37251041343
38643664099
40095603074
41609781502
43189332894
44837411015
46556895612
48341565786
50175931362
51412739705
52035339395
105332926574
108523185799
112449595238
116528248589
120774389661
125195906577
129801259271
134599361262
139599166536
144808838427
150209910621
155756815147
159495525582
161377186945
326567673886
336202411393
348051383894
360345844963
373129703626
386425123402
400255810384
414646673335
429622679057
445206554254
461344254786
477903668437
489061156843
494675470203

1029449396453
1064748953068
1101332911689
1139325782433
1178788743756
1219787131147
1262389644241
1306668338908
1352695322161
1400536156626
1450028215176
1500776974050
1534960686177
1552158495650
3139142437444
3227077934562
3335066663550
3446873610493
3562863919009
3683212967684
3808107685154
3937744210565
4072327850086
4212063722499
4357138115259
4507068352112
4660692362574
4764140441674
4816175781069
9737684488712
10003575940480
10329881648091
10667382677717
11017134911205
11379633456032
11755405011541
12145001538651
12549001325720
12968008691945
13402626607529
13853402171724
14318864423074
14795493950748
15116366663275
15277743850220
30882055374326
31706202646550
32717024115723
33761623755973
34843150688456
35963051360447
37122861997859
38324189604980
39568714767756
40858190674402
42194364162499
43578818639976
45007127720042
46468768015525
47452504642571
47947180112774
96895084158443
99419932957994
102514855240410
105710386501620
109015794148810
112435241586688
115973143244024
119634108763168
123422953877464
127344707182774
131404607000469
135607866694432
139959208040284
144444973915687
149032870071564
152119989253391
153672147749041
310483437935526
318401816803182
328103103838738
338112122047343
348456926240395
359149876737581
370204061309428
381633126172831
393451305918636
405673441701786
418314971389630
431391241579500
444916140409445
458848041565805
473089050151122
482669366373865
487485542154934
984708768798580
1009266205008841
1039337347086124
1070338187352412
1102352586589425
1135416737634379
1169568911013157
1204848951019381
1241298358895293
1278960370451609
1317880007076803
1358104044548001
1399678937750328
1442646698295874
1486877423332971
1532067027797214
1562461138310709
1577738882160929
3186359819696184
3264225821567280
3359531103703879
3457715954222125
3559037752782277
3663605578587153
3771534642633915
3882944745597201
3997960511967796
4116711607014934
4239332876619591
4365964250096468
4496744560618985
4631799274994528
4770727675372666
4912596128143536
5007995812898881
5055942993011655
10208781070181753
10453043267410964
10751873139767811
11059518314467835
11376759350358675
11703920772595793
12041344951575315
12389387445169195
12748417651053851
13118819420877257
13500991688937964
13895348869815639
14302320551550824
14722332600201227
15155769652228762
15601367485469404
16056192492543400
16361984629545832
16515656777294873
33341796992525272
34124354395013021
35081342753590467
36065959796279730
37080631948406206
38126350873431525
39204161737718929
40315148801938769
41460437295339664
42641195169132917
43858634888142969
45114014542813885
46408636896192460
47743792319747210
49120645551873582
50535252009964374
51978495968644295
52948650877173094
53436136419328028
107856981607454636
110338442123416991
113371754444310536
116490696183757913
119702724304785874
123010831816362090
126418170051599051
129928004651265968
133543720872193799
137268828552560082
141106967288983787
145061911711060200
149137574700435332
153338004381029535
157667207440408708
162128798589834767
166710204179275661
171382471227544513
174522671248016151
176100410130177080
355387180080050344
363415504603474737
373225621348442080
383307094227935364
393683379038643645
404363738324235200
415357916298238545
426676001265056814
438328441165255726
450326058029835657
462680063025437978
475402071759168971
488504113446504015
501998621532213996
515897893043200175
530213016121710905
544904335738125988
559880870672180060
569944809478090596
575000752471102251
1160210286012386255
1185928053342990627
1217341750820351155
1249606185541997765
1282794336346592086
1316934534784014389
1352056559858544172
1388191213027884475
1425370363075682836
1463626987592783139
1502995216353652211
1543510376333283071
1585209037443587498
1628129039465155188
1672309462269136001
1717788932007035394
1764602261637276960
1812621806244835596
1861555640144219701
1894433281551060406
1910948938328355279
3855239673649235830
3939221481814068996
4041768975955197756
4147040632900080974
4255268567398357377
4366541510016474838
4480952654576031498
4598598315989120721
4719578063824118083
4843994845090529433
4971955112443144983
5103568957043234754
5238950243370384068
5378216687129137623
5521489761896950875
5668889451778536041
5820523845309018292
5975986244164800055
6134349527429945472
6240734314726446594
6294170451145774622
12696197883899003880
12967829444049203535
13299396622224385698
13639597514975871138
13989162689908725461
14348366942213631338
14717498668386378353
15096855674905605462
15486745570480664280
15887486124556684129
16299405641270421797
16722843348823025866
17158149802523505185
17605687293316030252
18065830079837903827
18538964090249176837
19025470300458695973
19525691774455350914
20038307121110187239
20560312673715924983
20910935755094118214
21087036165224295294
42529459510528640932
43424362605342343093
44516390911374310254
45636339131554162435
46786555226169183524
47967909437759997733
49181314471421115123
50427712127308645682
51708074486037196767
53023404986497344964
54374739548717874325
55763147741532316931
57189733989763427895
58655638796501314877
60162039424523233063
61710148955220358139
63301164200123395207
64936162422655412160
66610892438543808804
68315718871165181711
69460664433114374558
70035665185585476809
141231540657183339873
144152679749009819006
147716159839185547043
151369035828890886590
155118778101599827596
158968113158272431836
162919898589261582483
166977080896932025519
171142699032894137002
175419887596590487452
179811880163612605638
184322012743892324059
188953727374022846839
193710575827264872596
198596223366442751283
203614450800184077866
208769151456097526221
214064164455986674171
219502944164013006428
225071554891953122131
230738492751976757517
234543874971856173202
236454823910184528481
476764887494018292792
486470297587809952897
498306527719228455479
510434558809897803205
522878636986151439312
535647487696466352501
548750250428457216214
562196342909038843271
575995471943428113573
590157643168331881810
604693171189689674309
619612690104266583479
634927164417123347284
650647900304666103729
666786556997062576295
683355152897867200834
700366055956851706042
717831455498104060430
735762315115007824249
754113385201329016370
772782639494631183058
785317544260503404274
791611714711649178896
1595919627307197361672
1627877825086291343709
1666841249036463936822
1706748072617713397193
1747676229444822379490
1789653356591920607427
1832708384892429342579
1876871106177934957732
1922172206091707605827
1968643293461650559698
2016316930797958329904
2065226665912608461696
2115407064705225414544
2166893745149887975847
2219723412325565415111
2273933893788968526027
2329564158259514302664
2386654284424677526388
2445243753620701760514
2505368065189983223650
2566877620739903454086
2629435905333937792577
2671433877254256206085
2692520913419480501379
5427571286349489643690
5534612144630584923009
5665082357657830217288
5798659450306101033070
5935598735575198689283
6075989539370682032975
6219925318506032329355
6367502254542522087893
6518819355627289045465
6673978547227132232878
6833084766248384648934
6996246058525132185154
7163573679805145804305
7335182200332942864008
7511189612543730839843
7691717439719975745922
7876890792299842732331
8066838267877841897837
8261686486939164514008
8461549260671528916683
8665936536414352281756
8873748584904217314834
9013244914522917166201
9083280579708502643010
18307792700074188625893
18663212585665967261581
19096312965911345967503
19539550841328432220142
19993754815098108481371
20459210742186871627393
20936217532036005469308
21425082624680471509146
21926122303199559254150
22439661970725975904123
22966036437519073134215
23505590218023168551364
24058677838304696327900
24625664154249876371394
25206924680817606842112
25802845930811498543857
26413825756434222899227
27040273523146491177485
27682609783222588384305
28341248446734541187035
29016561438542484073111
29706915361158270125961
30408652552792287585161
30879651251674328286844
31116106075584512815325
62708977038663043923442
63908667047655056697612
65370208760456113398780
66865420144573049610361
68397039868088327308357
69966000551580842903375
71573276926691917911402
73219871007725880323388
74906813073006804496446
76635162531027603335100
78406008817329053004792
80220472321791341144390
82079705347502420749462
83984893102328476783954
85937254724047328811262
87938044334246924692120
89988552100098706175291
92090104764451529142597
94244064591021492733318
96451771746835933634367
98714430086646901658044
101026643655603365261746
103376355554070149027974
104953284813042301611144
105744896527753950790040
213085712682815098941752
217101121849920236826029
221991760551350189468232
226993227698090658145956
232114493249189657859461
237358570907844114243571
242728608878773286573067
248227841726435571480805
253859593423597643386943
259627280029328936510200
265534412459680253005629
271584599349852470356927
277781550011268262563071
284129077487035984415158
290631101709216663220660
297291652760481085137645
304114874224855133381447
311105026561328293736526
318266488757633187326092
325603754860868549836644
333121244300419138274894
340822925891682962745207
348690673295011060197955
356684063991018734697996
362048018781692471405460
364740539695111951906839
734908650676573393457368
748563355020972948525446
765190620809610853309433
782188974762205369482800
799588315305744499422441
817398563030996481177769
835630076624448394229382
854293493736867630679605
873399740665543474142318
892960040822940417508554
912985923492043223435831
933489232864043872502797
954482137368622535141190
975977139307285755994657
997987084799967575502813
1020525174052564224952586
1043604971897127774270682
1067240418397025434646772
1091445833944142283790948
1116235907959630819119476
1141625080243655864831923
1167626314625645963345196
1194179244661487450107987
1221149518740623087232032
1239246044234854507041243
1248329324814563009684253
2514966442329200207994399
2561020728194648866524883
2617088046446300368379860
2674387122839206113829086
2733016741461544000498102
2793009257860157412827008
2854398440949478398405080
2917218951848381747010927
2981506374308297783243531
3047297241206903789910950
3114629061918348398203438
3183540350544616615793140
3254070655038463553806619
3326260587249041295057277
3400151853922413474598683
3475787288688292456356046
3553210885056355784641242
3632467830266747997261811
3713604539329551299722828
3796668671082654920471653
3881709090751154534116104
3968773815997589829502211
4057905945350082871286444
4148901164515707757284410
4241305574395758885971740
4303301331723017727073909
4334417437798602239889234
8731543852635867523701910
8889277602797770137138289
9081265455644544351158123
9277409751597228570864876
9478042420370346061182374
9683270880934588281004467
9893207198280949369127601
10107966346766948010265766
10327666307774372612997002
10552428154386132901151936
10782376138807496361988274
11017637782477644359472556
11258343968964267174371200
11504629039735889413049006
11756630892909767639393684
12014491085070390369681020
12278354936228783329359693
12548371637427580489369701
12824694358883152217420907
13107480299985461172931189
13396890566409965500956918
13693083411899051701511075
13996200841195372117458839
14305557125218087933359703
14619631662112954334788861
14830329843453750587190045
14936074739981504537980085
30085235192645824174901922
30621166923706313461459743
31273345518790398986695756
31939431628889760071135973
32620531110388390576609622
33316997402243515006858610
34029199075279322065534709
34757514096792375037832152
35502330140821181539272967
36264044856000543690650915
37043066141913150523553687
37839812433752012183426443
38654712995572813169352070
39488208222420969886687226
40340749951628490796886115
41212801783585224529659578
42104839412279777411399330
43017350965826441923654948
43950837355370258538099013
44905812625550088568998275
45882804113469009444435905
46882352038521980095292650
47904986882009093256510706
48951184545186806014151864
50018607301254528280453275
51102079923722351438463570
51828868482199155861775869
52193609021894267813682708
105122126694465109020822784
106970339239857767314712437
109219001866364924510004684
111514944816957713681322363
113861912727835274403537037
116261088580934220753620047
118713705535895410128449639
121221027669287722634536395
123784350980314582133587700
126405004255539933655918177
129084349960520460771004880
131823785157699488284452062
134624742451424197915531880
137488690960964150079170524
140417137322440025945809184
143411626720599843502259240
146473743951349503076985321
149605114515696220510855361
152807405739934516003563763
156082327900235314541120959
159431634722382743508863306
162857122025211676156159901
166360552664742465434445007
169943507742770221935130222
173598082550407186979511484
177306807438197227583469012
179794382807246645100194508
181042712132061208109878761
364600390706451616427751921
370924707201790028511955456
378617782418760177954854598
386470278316240333303588427
394494770226987383786295475
402695183349148291313449671
411075607789419471125179861
419640234440077488683422876
428393358207183646612082414
437339380774547229932247822
446482813451980779903605741
455828280105650648707513269
465380520173152077275316466
475144391765984198739973502
485124874862194117063436081
495327074592053864289448087
505756224619720926005044058
516417690623732322243303157
527316973878384977324929038
538459714919063931542385330
549851697220227292296695915
561498848798058691580785883
573407237650157518815690642
585582818576020899273763707
598030931260282448788306301
610724439330916933158636360
623603463674834312011571243
632241182444355931978534386
636575599882154534218423620
1281882743616944935960549150
1303837982510177175861278583
1330540069421255357873276905
1357788022231294900932438193
1385624739858907019915643566
1414063462911809182828695283
1443117983411395066540009725
1472802427837377552200407559
1503131267690199822192797928
1534119328499127275717212632
1565781799100095277593349844
1598134241175766551215962610
1631192599066015959111794640
1664973209857193760058687402
1699492813758803684285501292
1734768564776519731707625002
1770818041690728673046059399
1807659259349455427234469813
1845310680281994943270620114
1883791226578291137150341911
1923120291803569716041650925
1963317746081864194417050107
2004403920901368583736976939
2046398762279681095489306556
2089320151908207509874913959
2133075670538992302730252568
2177461706784540512190211559
2207228111367975767315381689
2222164186107957271853361774
4474413607408560367881625470
4550056084264894010055967220
4642035831900036546679024641
4735869775971423019198316113
4831703084229491568832757464
4929580044371013234487361669
5029546771958924462136364610
5131650482533239674246590081
5235939525846132552889229909
5342463414939746653156985943
5451272856078481528910463512
5562419779510147235308094557
5675957371081385211184426757
5791940104733131006423892496
5910423775902753280276817907
6031465535860387965490050826
6155123927007881458227995849
6281458919169572902092709705
6410531946903049379965862996
6542405947849796168996615232
6677145401944185525548148425
6814816370721726603656875255
6955486513755726686453114516
7099225037221444565819069736
7246099815949894993370185581
7396171687720058679103254290
7549121243427234714683947004
7704245800855050489797869151
7808268278359143913473327728
7860461887381038181287010436
15826045901456541471594843656
16090331976412758615744061585
16411643444213446416589601490
16739347730136626822095640974
17073943589547784734690505058
17415581535673511943528984505
17764418242518176848814591228
18120614064304294202331197309
18484333148489791917227771043
18855743531394934155651813315
19235017236591309132212324072
19622330375965069014923699191
20017863253534713161894688013
20421800472104800998173842479
20834331042839629372114354067
21255648497843633391641593015
21685951005838022764166646760
22125441491025668331256746682
22574327755232648570848151127
23032822603388514621903691210
23501143971751067195957239238
23979515056398896930163383404
24468164365811233815262851618
24967325548243958178788586748
25477227691201878053137673461
25998076088933252689635784179
26528775361729103749298959183
27066919264106608830092501464
27427756359045916683302574733
27608799071177977891412453494
55582198533062407399252658909
56498766343102710252302245047
57612909223429712075196807022
58748921991366502614967205503
59908504822328490510011944003
61092165054220866518415277576
62300430615586421664640202583
63533841641165066915762254991
64792950841601747522182940142
66078323815023555887410693254
67390539367457267543858629231
68730189841789446202401996063
70097881455520229708288431539
71494234647565016633011234776
72919884434366347026089960825
74375480775586579206182818495
75861688949660548113540746721
77379189939496055226078542023
78928680828617893451651818276
80510875208039074682762435801
82126503594056750883926446084
83776313854994100799346313212
85461071638662544302039485652
87181560543686781411709725884
88938581531173242278587486534
90732919720340462559808192902
92565278554606496253766706806
94431847640056603430915448795
96324267886057948209123978044
97593084668384458675320936050
